80 0
20 0
50 80
90 100
100 100
50 130
0 130
0 260
0 270
50 250
50 310
50 370
0 390
50 430
150 430
180 410
180 420
180 440
180 450
280 470
280 430
280 400
180 390
150 370
180 370
180 350
180 330
180 310
150 310
180 290
180 270
150 250
180 250
180 230
180 210
180 190
250 220
250 230
250 240
250 260
250 280
250 290
280 280
280 300
280 340
320 310
330 310
340 310
350 310
380 300
410 320
410 340
410 350
410 360
380 340
340 380
340 410
510 470
510 450
570 440
610 450
610 470
710 470
710 450
740 390
740 350
780 320
790 330
780 350
790 370
780 390
800 410
840 380
840 340
840 290
1070 270
840 240
840 200
810 170
790 100
800 100
840 60
800 50
740 60
780 100
740 120
710 110
710 130
710 160
740 160
740 200
770 210
740 240
740 290
640 220
570 250
560 250
570 120
630 60
480 60
480 220
480 270
410 230
400 220
340 290
330 290
320 260
330 260
340 260
380 200
380 160
350 170
280 200
280 160
250 150
250 110
330 150
340 150
340 50
250 90
180 110
180 130
180 150
180 170
150 190
50 190
150 130
120 100
110 100
150 80
120 50
